all_data = [ 
9 0.000000 0.000000 1.570796 0.010142 0.021200 1.596763 -0.010142 -0.021200 -0.025967 0.157046 0.021285 -0.064917; 
10 -0.000000 0.000628 1.573153 0.010067 0.021294 1.596731 -0.010067 -0.020666 -0.023579 0.158379 0.021265 -0.047165; 
11 -0.001355 0.042484 1.635591 0.011681 0.033043 1.580686 -0.013036 0.009441 0.054905 0.233012 0.043631 0.449456; 
12 -0.005331 0.084154 1.698166 0.008362 0.059368 1.624981 -0.013693 0.024786 0.073185 0.272435 0.045944 0.495834; 
13 -0.011942 0.125662 1.760582 0.013420 0.109791 1.722926 -0.025362 0.015871 0.037656 0.257706 0.064443 0.406222; 
14 -0.021080 0.166418 1.822729 0.015509 0.155871 1.773087 -0.036589 0.010546 0.049641 0.252655 0.094615 0.434836; 
15 -0.032711 0.206457 1.884518 0.015934 0.208061 1.844636 -0.048645 -0.001603 0.039882 0.237159 0.126462 0.408652; 
16 -0.046838 0.245811 1.945868 0.005310 0.256746 1.905081 -0.052148 -0.010935 0.040787 0.224572 0.140702 0.408716; 
17 -0.063233 0.283932 2.006705 -0.004400 0.297407 1.965950 -0.058833 -0.013475 0.040755 0.232574 0.157322 0.406074; 
18 -0.081861 0.320876 2.066959 -0.026619 0.334234 2.017374 -0.055241 -0.013358 0.049585 0.235827 0.149446 0.425233; 
19 -0.102718 0.356686 2.126559 -0.044898 0.370884 2.086338 -0.057820 -0.014197 0.040221 0.246036 0.151893 0.398552; 
20 -0.125477 0.390887 2.185445 -0.074246 0.403712 2.143279 -0.051230 -0.012825 0.042166 0.247260 0.134095 0.399843; 
21 -0.150108 0.423556 2.243557 -0.098927 0.439958 2.217009 -0.051181 -0.016402 0.026548 0.248383 0.132773 0.356934; 
22 -0.176478 0.454601 2.300842 -0.133157 0.472139 2.274184 -0.043321 -0.017537 0.026658 0.239745 0.116964 0.353067; 
23 -0.204592 0.484088 2.357243 -0.162695 0.506710 2.338794 -0.041897 -0.022622 0.018449 0.234253 0.119098 0.328132; 
24 -0.234030 0.511660 2.412721 -0.199551 0.535084 2.390372 -0.034480 -0.023423 0.022349 0.224127 0.106953 0.333258; 
25 -0.264787 0.537420 2.467232 -0.231838 0.565238 2.446493 -0.032949 -0.027818 0.020738 0.218721 0.111235 0.324402; 
26 -0.296721 0.561331 2.520740 -0.269520 0.588991 2.498750 -0.027202 -0.027660 0.021990 0.211819 0.101504 0.322515; 
27 -0.329695 0.583369 2.573212 -0.303194 0.613929 2.551556 -0.026501 -0.030560 0.021656 0.210195 0.105738 0.316502; 
28 -0.363571 0.603525 2.624620 -0.341125 0.632150 2.604024 -0.022446 -0.028625 0.020596 0.207988 0.095459 0.308532; 
29 -0.398219 0.621797 2.674940 -0.376238 0.652266 2.657586 -0.021981 -0.030469 0.017354 0.208384 0.097692 0.294983; 
30 -0.433511 0.638197 2.724151 -0.414643 0.665580 2.708528 -0.018869 -0.027383 0.015623 0.207998 0.086373 0.285113; 
31 -0.469328 0.652743 2.772237 -0.451126 0.682052 2.760071 -0.018202 -0.029309 0.012166 0.207566 0.088799 0.270845; 
32 -0.505554 0.665464 2.819185 -0.490343 0.691599 2.807521 -0.015212 -0.026135 0.011664 0.205793 0.078033 0.263900; 
33 -0.542083 0.676394 2.864986 -0.528172 0.704765 2.855349 -0.013910 -0.028370 0.009637 0.203290 0.081396 0.253095; 
34 -0.578812 0.685575 2.909632 -0.567499 0.710961 2.899364 -0.011313 -0.025386 0.010268 0.200835 0.072136 0.248904; 
35 -0.615650 0.693054 2.953122 -0.605579 0.720808 2.943962 -0.010071 -0.027754 0.009160 0.198309 0.076592 0.240346; 
36 -0.652509 0.698881 2.995453 -0.644305 0.723661 2.985361 -0.008204 -0.024780 0.010092 0.196500 0.068256 0.236888; 
37 -0.689312 0.703113 3.036628 -0.682088 0.730346 3.027162 -0.007224 -0.027233 0.009466 0.194688 0.073531 0.229542; 
38 -0.725987 0.705806 3.076651 -0.720072 0.730147 3.066242 -0.005915 -0.024341 0.010409 0.193323 0.065876 0.226138; 
39 -0.762470 0.707020 3.115528 -0.757461 0.733815 3.105435 -0.005009 -0.026795 0.010093 0.191901 0.071496 0.219617; 
40 -0.798704 0.706817 3.153267 -0.794747 0.730802 3.142199 -0.003957 -0.023986 0.011068 0.190388 0.064306 0.216363; 
41 -0.834637 0.705258 3.189877 -0.831566 0.731753 3.179014 -0.003071 -0.026495 0.010863 0.189278 0.070285 0.210207; 
42 -0.870225 0.702406 3.225369 -0.868016 0.726030 3.213485 -0.002210 -0.023625 0.011884 0.187558 0.063141 0.207169; 
43 -0.905431 0.698323 3.259754 -0.904103 0.724435 3.248168 -0.001327 -0.026112 0.011586 0.186748 0.069196 0.200894; 
44 -0.940219 0.693070 3.293047 -0.939560 0.716187 3.280514 -0.000659 -0.023116 0.012534 0.184850 0.061874 0.197799; 
45 -0.974564 0.686709 3.325261 -0.974855 0.712060 3.312981 0.000292 -0.025351 0.012280 0.184044 0.067457 0.191771; 
46 -1.008441 0.679298 3.356411 -1.009248 0.701551 3.343595 0.000806 -0.022252 0.012816 0.181895 0.059937 0.187788; 
47 -1.041833 0.670896 3.386511 -1.043562 0.695079 3.374185 0.001729 -0.024183 0.012327 0.181222 0.064829 0.181320; 
48 -1.074725 0.661558 3.415579 -1.076602 0.682471 3.403127 0.001876 -0.020914 0.012451 0.179283 0.056796 0.176465; 
49 -1.107107 0.651339 3.443629 -1.109845 0.673977 3.432026 0.002738 -0.022639 0.011602 0.178781 0.061171 0.169256; 
50 -1.138972 0.640291 3.470678 -1.141551 0.659547 3.459236 0.002579 -0.019256 0.011441 0.176899 0.052755 0.163848; 
51 -1.170315 0.628465 3.496742 -1.173831 0.649282 3.486210 0.003516 -0.020817 0.010531 0.176186 0.056857 0.156650; 
52 -1.201136 0.615909 3.521838 -1.204243 0.633410 3.511557 0.003108 -0.017501 0.010281 0.174370 0.048515 0.151183; 
53 -1.231436 0.602669 3.545982 -1.235530 0.621737 3.536427 0.004095 -0.019068 0.009555 0.173628 0.052780 0.144608; 
54 -1.261219 0.588789 3.569190 -1.264650 0.604691 3.559801 0.003431 -0.015903 0.009390 0.172021 0.044674 0.139516; 
55 -1.290490 0.574311 3.591479 -1.294957 0.591774 3.582543 0.004467 -0.017463 0.008936 0.171255 0.049079 0.133784; 
56 -1.319259 0.559275 3.612864 -1.322920 0.573629 3.604457 0.003661 -0.014354 0.008408 0.169591 0.040986 0.127944; 
57 -1.347533 0.543718 3.633361 -1.352246 0.559550 3.625224 0.004713 -0.015832 0.008138 0.168799 0.045309 0.122828; 
58 -1.375324 0.527677 3.652985 -1.378967 0.540556 3.645608 0.003643 -0.012880 0.007377 0.167502 0.037305 0.116561; 
59 -1.402643 0.511184 3.671750 -1.407345 0.525549 3.664408 0.004702 -0.014364 0.007343 0.166803 0.041732 0.112184; 
60 -1.429504 0.494273 3.689672 -1.432932 0.505868 3.683194 0.003428 -0.011595 0.006478 0.165825 0.033909 0.105803; 
61 -1.455920 0.476973 3.706764 -1.460362 0.490064 3.700245 0.004442 -0.013092 0.006519 0.165351 0.038341 0.101755; 
62 -1.481907 0.459312 3.723039 -1.484922 0.469737 3.717435 0.003015 -0.010425 0.005604 0.164523 0.030564 0.095386; 
63 -1.507479 0.441317 3.738511 -1.511611 0.453188 3.732759 0.004132 -0.011871 0.005753 0.163877 0.035062 0.091741; 
64 -1.532654 0.423013 3.753192 -1.535308 0.432321 3.748407 0.002655 -0.009308 0.004785 0.163029 0.027453 0.085369; 
65 -1.557447 0.404424 3.767095 -1.561277 0.415164 3.762069 0.003830 -0.010740 0.005025 0.162358 0.032044 0.082075; 
66 -1.581875 0.385573 3.780230 -1.584160 0.393853 3.776242 0.002285 -0.008280 0.003987 0.161576 0.024568 0.075642; 
67 -1.605956 0.366479 3.792608 -1.609498 0.376182 3.788135 0.003542 -0.009704 0.004473 0.160840 0.029324 0.073074; 
68 -1.629708 0.347163 3.804240 -1.631664 0.354513 3.800898 0.001956 -0.007350 0.003342 0.160117 0.022013 0.066517; 
69 -1.653148 0.327642 3.815136 -1.656343 0.336295 3.811067 0.003195 -0.008653 0.004069 0.159343 0.026563 0.064652; 
70 -1.676294 0.307936 3.825305 -1.677768 0.314394 3.822757 0.001474 -0.006458 0.002547 0.158985 0.019316 0.057212; 
71 -1.699165 0.288059 3.834755 -1.701758 0.295983 3.831716 0.002592 -0.007924 0.003039 0.158819 0.023971 0.054849; 
72 -1.721779 0.268027 3.843495 -1.722539 0.273827 3.841779 0.000760 -0.005800 0.001716 0.158658 0.016721 0.047989; 
73 -1.744154 0.247855 3.851532 -1.746117 0.255064 3.849295 0.001963 -0.007209 0.002237 0.158345 0.021412 0.045777; 
74 -1.766308 0.227557 3.858873 -1.766501 0.232604 3.858097 0.000193 -0.005048 0.000776 0.157914 0.014182 0.038645; 
75 -1.788260 0.207145 3.865524 -1.789688 0.213466 3.864220 0.001427 -0.006321 0.001304 0.157420 0.018684 0.036518; 
76 -1.810029 0.186632 3.871492 -1.809595 0.190847 3.871565 -0.000434 -0.004215 -0.000073 0.157177 0.011436 0.029656; 
